nC3: A (N = 603),nC3: B (N = 1,297),nC3: C (N = 975)
50,50,50
85,87,92
61.79 &plusmn; 7.21,63.44 &plusmn; 7.14,65.99 &plusmn; 7.71
324 (54),726 (56),535 (55)
279 (46),571 (44),440 (45)
36 (6),140 (11),223 (23)
153 (25),549 (42),469 (48)
414 (69),608 (47),283 (29)
0,3,0
50,47,31
29.90 &plusmn; 5.83,23.75 &plusmn; 4.86,16.89 &plusmn; 4.66
9,1,0
46,38,32
26.16 &plusmn; 4.70,20.38 &plusmn; 4.03,15.00 &plusmn; 3.55
1,1,1
10,10,10
7.69 &plusmn; 1.79,6.93 &plusmn; 1.99,5.90 &plusmn; 2.07
0,0,0
10,10,10
7.72 &plusmn; 1.94,6.86 &plusmn; 2.13,5.54 &plusmn; 2.41
2,2,2
20,20,20
7.69 &plusmn; 1.79,6.93 &plusmn; 1.99,5.90 &plusmn; 2.07
9,4,0
20,20,20
7.72 &plusmn; 1.94,6.86 &plusmn; 2.13,5.54 &plusmn; 2.41
