nC3: A (N = 1,057),nC3: B (N = 1,182),nC3: C (N = 636)
50,50,51
85,87,92
61.51 &plusmn; 6.56,63.98 &plusmn; 7.15,68.00 &plusmn; 7.93
710 (67),628 (53),247 (39)
347 (33),554 (47),389 (61)
74 (7),152 (13),173 (27)
360 (34),536 (45),275 (43)
623 (59),494 (42),188 (30)
0,1,0
50,50,43
24.66 &plusmn; 6.75,22.56 &plusmn; 6.84,19.76 &plusmn; 6.25
7,1,0
43,46,38
21.95 &plusmn; 5.40,19.62 &plusmn; 5.38,16.41 &plusmn; 5.11
1,1,1
10,10,10
8.24 &plusmn; 1.47,6.56 &plusmn; 1.60,4.57 &plusmn; 1.65
3,0,0
10,10, 9
8.52 &plusmn; 1.28,6.38 &plusmn; 1.56,3.78 &plusmn; 1.84
2,2,2
20,20,19
8.24 &plusmn; 1.47,6.56 &plusmn; 1.60,4.57 &plusmn; 1.65
7,4,0
20,20,19
8.52 &plusmn; 1.28,6.38 &plusmn; 1.56,3.78 &plusmn; 1.84
19,17,15
30,30,30
27.77 &plusmn; 1.97,26.37 &plusmn; 2.36,24.61 &plusmn; 2.86
