nC3: A (N = 1,032),nC3: B (N = 1,244),nC3: C (N = 599)
50,50,51
86,87,92
61.32 &plusmn; 6.33,64.08 &plusmn; 7.25,68.25 &plusmn; 7.93
693 (67),658 (53),234 (39)
339 (33),586 (47),365 (61)
51 (5),163 (13),185 (31)
341 (33),567 (46),263 (44)
640 (62),514 (41),151 (25)
0,0,1
50,50,41
24.88 &plusmn; 6.75,22.47 &plusmn; 6.80,19.47 &plusmn; 6.06
7,1,0
43,46,34
22.21 &plusmn; 5.44,19.58 &plusmn; 5.30,15.96 &plusmn; 4.76
1,1,1
10,10,10
7.98 &plusmn; 1.65,6.58 &plusmn; 1.81,4.93 &plusmn; 1.85
2,0,0
10,10, 9
8.21 &plusmn; 1.58,6.38 &plusmn; 1.91,4.24 &plusmn; 2.07
8,2,2
20,20,17
7.98 &plusmn; 1.65,6.58 &plusmn; 1.81,4.93 &plusmn; 1.85
7,4,0
20,20,16
8.21 &plusmn; 1.58,6.38 &plusmn; 1.91,4.24 &plusmn; 2.07
